point
2350
408 222
258 260
40 284
330 228
128 294
345 205
237 180
250 92
339 223
260 128
79 271
170 218
311 319
280 414
283 227
240 106
109 427
52 259
344 226
175 306
356 305
323 241
182 202
452 294
267 249
232 152
304 390
341 313
158 148
270 406
133 307
362 209
264 220
50 274
138 139
304 314
362 205
91 280
160 204
261 92
268 226
372 342
131 173
390 190
122 133
401 203
408 199
282 306
348 297
251 125
296 192
366 322
124 440
292 386
348 236
290 134
211 65
104 440
197 129
196 482
258 242
134 105
378 312
247 123
259 165
149 396
323 405
288 176
188 219
376 87
110 124
178 50
441 293
358 192
358 311
272 242
153 135
265 94
389 185
436 335
276 96
115 436
150 319
58 250
128 142
136 278
303 294
164 506
432 20
302 286
387 335
68 238
295 288
240 112
412 352
40 272
163 161
321 227
417 26
467 481
352 230
106 423
224 136
336 170
352 85
152 150
147 75
328 160
79 277
65 263
113 282
97 4
88 281
368 192
235 147
238 178
258 409
418 236
293 237
320 216
399 205
386 222
150 183
385 189
284 150
243 189
218 132
370 178
280 270
248 261
352 58
176 492
198 355
392 174
50 286
186 48
86 280
346 284
312 401
328 318
219 220
172 340
406 204
320 94
287 252
150 187
416 84
394 14
418 111
315 260
262 252
148 334
281 98
94 242
45 282
275 224
143 4
411 33
324 257
223 48
293 298
220 90
243 206
224 214
345 99
317 212
228 84
13 44
507 404
275 230
258 290
110 119
292 170
311 196
278 404
126 492
157 344
194 355
262 344
296 177
396 196
164 202
332 143
330 296
174 409
419 72
274 125
332 250
391 28
109 117
311 190
294 414
302 382
206 211
344 256
312 243
213 44
382 344
171 183
338 151
272 245
110 135
362 199
337 331
354 182
242 265
326 163
259 74
270 250
352 64
331 338
253 209
333 183
200 118
386 212
334 289
88 254
92 502
466 482
234 50
347 215
295 396
398 292
77 228
159 282
317 218
232 92
10 37
8 68
406 242
353 281
396 210
249 193
386 185
392 80
234 38
148 280
274 246
363 306
423 348
252 221
342 109
148 440
143 308
411 193
120 122
351 296
62 237
209 57
426 84
427 58
115 500
70 232
41 248
325 258
184 60
340 220
405 213
45 239
162 292
418 103
155 417
32 240
328 337
310 423
414 158
276 108
351 207
178 42
426 328
144 328
404 256
281 265
331 215
329 155
248 154
323 246
340 156
310 114
112 104
396 183
302 282
394 188
172 194
270 163
424 188
139 156
338 297
13 47
4 30
340 204
151 110
226 44
99 243
344 294
144 5
269 180
129 97
356 104
240 238
294 274
287 409
121 119
297 381
368 109
486 383
316 288
327 280
435 119
359 340
247 240
125 96
376 340
269 230
308 432
171 18
433 203
303 319
281 223
400 218
363 318
167 203
298 273
247 109
490 374
276 128
206 65
252 296
400 70
180 212
109 232
421 306
119 92
246 416
60 265
386 318
304 268
327 248
306 186
314 382
311 423
231 241
66 286
158 224
173 179
276 393
250 38
397 15
123 344
403 192
245 101
190 278
272 140
477 275
194 58
304 397
423 36
119 279
453 108
288 81
234 228
390 304
284 397
320 234
334 207
400 332
203 138
54 302
336 499
279 319
249 498
143 147
227 227
395 241
204 176
65 260
310 217
410 214
34 248
368 154
410 254
6 70
233 43
16 50
348 60
92 64
159 356
436 112
286 380
503 420
6 38
163 205
453 281
410 326
11 459
360 228
429 223
310 266
386 312
153 210
356 184
96 194
324 197
368 64
305 423
392 343
165 399
262 242
246 270
252 220
416 243
340 176
326 174
263 119
45 252
325 291
6 454
110 142
170 148
92 334
383 229
108 260
128 506
354 194
45 239
84 507
158 122
110 274
314 373
336 319
208 213
143 396
123 309
392 245
4 371
244 86
113 416
88 283
131 5
429 36
246 47
172 142
129 281
55 279
164 216
46 434
98 503
320 198
309 217
440 243
270 260
312 233
232 94
20 69
144 446
22 393
128 79
162 435
306 233
128 92
152 419
386 486
297 373
154 160
72 160
287 233
295 239
124 283
22 69
136 394
371 333
117 285
344 326
306 332
406 259
108 268
292 312
161 133
187 334
292 122
389 89
103 297
507 473
350 208
134 308
327 207
348 102
298 253
82 436
150 146
188 45
392 192
311 228
309 180
69 282
239 182
99 4
297 374
127 295
457 109
263 206
47 446
180 44
312 78
309 310
357 175
74 297
118 274
202 78
302 291
404 212
399 22
278 225
487 24
416 192
145 415
245 435
302 234
313 245
108 43
246 212
183 150
366 165
66 278
414 277
303 244
214 106
354 176
135 6
354 167
305 150
360 210
281 413
324 292
127 141
378 183
190 84
338 297
431 199
402 136
82 292
379 330
221 156
159 201
219 500
84 501
82 255
157 130
113 497
256 188
364 242
329 285
230 158
108 222
194 28
435 339
370 194
267 162
296 167
369 138
326 259
373 218
395 339
338 302
226 116
161 379
118 341
298 445
382 184
96 142
156 430
196 104
260 67
250 258
184 87
394 254
362 289
427 109
411 55
254 270
347 297
108 282
435 335
129 158
249 401
159 210
77 429
414 332
506 404
448 114
318 500
248 212
434 236
354 234
365 307
147 188
423 164
345 200
345 255
67 156
334 280
179 225
396 338
27 4
472 354
248 232
309 240
324 254
15 275
458 320
479 292
181 141
174 318
130 96
438 246
418 118
51 270
431 122
203 236
168 358
311 367
170 358
171 189
130 430
316 260
126 491
138 310
254 421
344 258
171 217
147 276
243 83
320 350
194 26
407 408
142 166
362 90
420 212
75 239
227 246
276 308
247 237
443 91
244 215
11 458
506 410
84 323
315 269
316 215
288 314
297 362
339 397
32 254
220 134
182 343
293 387
286 395
256 122
333 170
342 463
54 324
196 240
333 341
220 220
98 241
486 274
173 217
401 72
363 210
341 286
374 50
274 140
462 347
340 216
161 169
146 141
292 286
271 394
107 305
190 56
169 303
194 200
210 70
324 310
7 419
260 99
103 295
322 388
277 229
243 424
31 247
322 482
388 374
78 80
363 168
365 357
344 112
321 402
277 390
296 381
316 455
482 13
55 107
265 431
309 460
112 469
425 84
79 256
172 17
128 284
171 134
223 219
370 221
124 338
384 486
46 291
335 182
95 437
448 306
247 270
177 309
355 191
311 373
156 321
151 4
476 305
361 204
299 217
433 20
352 308
247 110
349 317
351 316
36 288
295 221
47 446
234 147
183 335
4 494
231 22
278 99
229 491
286 81
220 420
488 22
396 15
76 48
382 334
206 208
177 304
79 87
241 495
89 168
347 275
446 387
25 455
492 374
343 333
105 415
157 16
360 186
251 102
11 39
216 226
503 418
82 318
140 396
96 455
329 174
67 285
41 472
425 134
269 188
92 338
274 49
281 123
112 275
40 195
60 313
258 209
288 253
313 320
386 456
16 53
14 191
14 38
420 419
326 264
385 241
110 226
504 99
174 308
25 405
174 351
279 245
289 240
284 308
321 299
407 242
15 473
419 243
288 222
46 363
156 137
260 29
310 403
358 409
393 340
483 314
399 33
502 4
257 235
166 318
387 253
282 391
124 296
282 4
148 168
226 121
410 99
507 206
137 253
285 91
132 378
264 60
110 258
263 141
18 497
305 265
414 278
200 464
333 494
233 163
494 435
33 381
349 433
280 88
8 76
340 287
99 504
68 114
88 326
195 31
194 90
100 237
484 499
372 320
432 123
497 454
43 432
420 18
379 17
77 315
28 108
200 104
416 98
254 259
82 471
62 54
290 236
494 320
434 282
135 228
10 371
212 64
358 306
94 335
13 121
139 98
54 240
422 212
76 190
275 94
243 480
338 410
346 224
88 129
78 272
436 333
235 228
446 134
4 446
333 52
251 212
182 59
493 19
301 430
138 16
349 69
140 312
345 186
282 414
389 29
230 467
50 474
317 310
343 379
497 44
301 91
440 124
19 352
311 79
309 275
446 316
294 193
383 466
13 11
432 306
274 422
240 256
345 261
5 439
391 243
417 90
242 250
180 149
441 244
477 242
244 173
142 105
34 441
66 233
14 262
334 158
230 239
481 474
343 216
377 197
31 82
16 462
338 15
300 362
388 27
458 144
12 259
284 235
154 476
224 152
84 276
441 117
476 212
286 278
263 93
341 499
443 318
263 259
450 63
181 66
36 47
374 296
362 219
11 64
336 372
215 112
169 419
6 132
244 498
55 148
306 220
314 268
334 333
412 184
402 236
171 290
126 397
347 115
266 86
255 190
155 76
485 276
230 28
471 438
95 48
468 282
218 40
106 205
44 375
41 280
412 248
457 423
378 321
415 28
498 233
370 157
276 506
459 300
156 130
414 349
281 385
424 8
408 32
220 502
381 7
367 245
51 166
403 257
162 412
302 344
151 466
308 242
196 484
475 237
183 231
267 162
316 368
163 133
339 275
427 351
112 89
147 263
225 68
339 276
162 204
269 396
417 118
359 93
333 350
463 449
401 9
111 72
53 260
135 276
88 478
156 464
242 239
74 68
315 243
154 96
150 429
229 302
128 98
354 84
304 188
234 442
283 106
295 65
126 49
48 263
125 411
355 443
51 154
195 77
313 84
406 325
385 470
471 230
370 164
12 296
353 43
162 439
196 122
91 69
339 215
501 462
172 494
355 199
140 372
170 431
337 280
236 176
14 366
330 339
360 56
272 310
171 334
397 447
479 428
396 142
225 253
480 299
138 502
285 408
163 390
349 195
324 182
77 227
294 178
354 266
102 265
111 382
490 460
78 220
333 59
16 321
300 128
430 268
374 34
289 95
342 10
331 219
493 482
251 126
243 351
134 335
490 437
349 161
79 470
486 484
388 367
228 295
37 355
217 278
135 56
70 489
109 31
187 301
210 49
354 164
400 225
473 64
251 91
26 144
4 4
179 320
106 257
163 423
264 55
443 500
266 51
113 73
32 150
418 26
364 356
355 45
268 220
409 156
429 90
4 371
306 398
357 57
393 41
505 257
20 507
27 133
287 5
211 57
98 475
290 324
332 182
78 250
451 345
486 72
122 354
144 328
186 206
468 477
288 97
134 104
324 213
199 295
174 385
64 261
494 108
58 304
240 492
220 480
161 6
152 99
470 450
272 128
32 289
225 85
259 67
128 88
280 438
422 245
30 100
360 17
82 316
301 297
59 249
203 347
222 417
360 220
254 405
51 83
219 126
344 255
164 449
370 296
397 236
167 103
82 337
142 151
263 356
503 61
466 214
429 202
401 322
448 54
174 192
232 164
63 466
76 246
309 14
344 234
122 59
322 298
410 214
48 113
169 200
21 134
259 107
79 193
303 459
79 285
260 167
322 147
400 427
374 176
4 357
194 20
232 492
168 38
288 388
344 437
310 196
149 3
73 105
139 312
279 230
417 404
498 481
43 239
363 260
87 262
437 146
292 85
495 13
325 227
71 196
70 469
46 168
335 155
467 226
245 250
461 457
113 282
421 203
180 150
74 271
281 481
181 457
428 102
445 468
278 60
369 199
273 489
205 159
155 123
242 140
409 314
435 338
223 383
507 62
403 455
382 83
453 360
139 289
430 104
205 72
118 507
294 306
179 42
199 479
275 474
470 72
423 407
56 488
121 194
364 9
55 314
267 47
280 147
13 9
259 71
305 320
332 271
398 222
82 245
269 51
73 271
130 41
11 140
292 296
137 31
194 268
303 153
369 86
467 100
117 41
20 204
326 247
282 284
485 434
160 334
400 218
419 433
362 207
241 100
50 366
118 110
283 398
386 317
285 270
460 300
268 415
69 121
268 253
377 63
120 186
146 436
273 139
400 236
136 467
314 182
282 268
11 292
403 223
318 208
213 220
273 239
292 441
464 8
157 469
499 320
162 336
97 153
94 144
190 491
229 201
297 311
97 365
281 312
173 360
217 81
367 62
324 220
278 291
17 25
188 214
446 307
443 13
503 451
19 159
203 156
475 505
174 409
57 456
262 208
330 13
78 57
389 356
467 74
174 317
236 221
192 146
196 157
336 270
490 386
245 4
450 31
450 111
92 434
175 193
283 352
263 232
100 236
150 397
7 297
171 140
465 32
278 298
202 335
90 319
25 281
138 500
7 302
359 164
231 145
482 54
326 120
69 367
60 479
426 167
358 183
193 413
127 83
155 250
426 416
142 9
271 208
129 286
149 187
380 30
158 478
483 500
22 162
458 108
128 180
491 344
403 199
364 319
81 440
336 422
56 358
339 395
4 28
257 181
131 355
378 164
163 466
14 497
92 324
428 258
493 254
413 9
341 155
459 363
104 420
322 78
357 320
47 165
166 192
141 140
138 432
25 118
358 420
216 318
457 141
286 338
306 34
368 131
382 491
42 77
386 367
419 18
174 121
210 408
278 105
470 302
20 230
301 100
60 282
107 133
378 87
168 100
459 334
58 153
364 268
283 314
335 209
502 412
206 219
53 126
139 480
137 3
140 357
196 456
159 413
416 244
366 366
439 91
47 135
225 152
330 463
332 305
383 228
296 100
9 328
112 169
384 228
64 336
296 242
29 383
264 207
80 255
417 72
277 246
50 262
98 39
151 104
323 294
42 310
372 368
291 240
224 212
395 469
344 393
138 210
58 157
332 154
408 134
177 362
410 194
301 177
483 405
449 315
286 507
28 120
151 227
429 92
490 146
158 328
158 282
483 443
420 148
319 218
214 348
34 80
316 232
472 493
68 464
134 442
98 377
378 439
277 279
175 96
377 382
102 34
51 124
214 248
344 454
129 12
305 270
150 453
394 178
161 346
418 106
86 33
368 25
119 340
56 98
298 324
427 354
143 399
274 454
252 209
318 370
117 499
112 140
266 232
502 496
159 157
292 233
480 347
226 388
86 331
154 398
348 162
230 9
362 385
150 214
148 454
115 497
78 252
150 79
340 208
476 276
341 148
396 23
416 195
31 191
337 278
220 301
496 218
436 384
418 135
271 231
188 440
444 112
486 99
128 19
227 247
215 86
395 345
491 118
474 328
180 494
338 233
432 123
237 491
365 336
150 103
22 454
62 119
109 357
142 163
114 63
215 5
222 138
316 462
126 123
304 507
12 230
34 423
153 342
421 139
98 504
52 301
485 385
321 209
498 445
485 29
466 481
466 460
313 298
177 305
289 280
461 233
368 490
322 406
242 187
92 217
404 427
250 195
458 392
464 449
504 361
14 288
416 346
217 153
352 177
13 108
39 121
376 344
432 339
360 98
336 106
232 491
97 245
411 56
461 48
476 106
117 275
266 476
71 102
64 119
69 57
348 105
54 359
438 427
243 401
41 296
331 427
93 106
354 333
438 376
341 170
124 74
139 7
89 377
172 148
361 12
87 391
286 471
286 301
10 458
63 111
41 446
348 180
42 460
207 181
15 325
90 214
334 78
376 214
112 30
411 465
433 103
82 318
278 90
101 322
27 372
95 387
321 163
294 172
67 487
232 261
21 502
497 155
389 411
107 431
476 507
332 278
279 472
266 120
7 504
400 346
395 488
386 183
221 506
98 231
155 37
209 82
498 88
318 299
395 11
84 241
189 84
230 148
113 64
259 182
311 462
185 353
4 191
167 488
225 387
152 140
502 440
496 168
157 30
507 123
18 152
484 89
421 351
100 154
30 70
498 318
191 67
334 21
200 338
32 466
138 182
358 406
480 457
51 422
477 453
284 276
82 9
382 495
70 88
89 153
82 230
418 149
245 48
332 46
358 310
227 77
224 417
376 18
292 212
231 397
331 231
294 128
345 207
438 465
423 185
71 53
172 140
8 336
81 363
453 241
219 269
434 314
214 238
458 171
432 179
254 245
408 51
393 223
45 96
112 491
209 321
106 419
250 156
163 300
152 136
42 404
342 109
314 440
14 184
403 238
4 61
311 439
121 101
400 144
158 292
155 42
409 500
210 151
190 295
68 504
77 82
431 419
138 263
224 140
434 429
23 191
286 464
424 111
490 235
104 386
349 21
94 246
20 168
375 445
354 280
15 18
458 362
306 309
489 448
426 256
383 10
404 79
279 390
464 310
298 260
448 156
322 407
476 443
478 20
228 246
171 445
21 112
493 271
277 145
416 345
17 166
74 396
114 49
14 76
425 396
66 360
122 350
488 125
486 261
264 14
264 364
44 477
318 362
78 286
421 110
298 457
79 389
219 225
120 438
391 505
323 463
111 101
243 493
226 493
38 105
72 61
202 115
152 182
282 229
341 385
231 330
132 74
437 311
346 440
203 140
84 479
279 410
433 61
484 259
456 63
228 37
91 57
104 307
265 93
46 444
232 85
55 245
308 114
360 42
56 153
336 208
120 317
308 236
300 231
337 377
95 485
10 213
371 62
223 163
307 237
196 44
286 58
423 258
184 351
146 449
120 425
484 419
415 463
29 492
223 506
261 368
121 100
10 123
503 152
18 236
147 279
126 390
408 100
418 124
378 367
118 25
458 146
148 139
252 479
202 284
386 30
106 372
392 13
485 67
236 423
114 204
138 136
122 136
273 227
161 223
251 230
15 261
485 106
132 268
300 95
31 446
434 9
390 111
487 66
5 169
408 486
442 502
300 431
497 375
89 51
310 132
238 228
371 286
61 393
292 304
17 220
287 332
455 107
340 364
388 446
326 503
242 96
180 40
468 124
283 426
65 247
470 138
297 167
398 293
178 416
172 215
66 242
468 16
228 166
111 159
106 13
161 411
286 446
452 45
386 349
299 324
132 439
268 137
29 402
496 53
317 60
357 77
480 266
188 225
373 254
485 235
344 282
176 224
466 400
299 274
218 469
97 389
255 206
458 451
488 30
367 140
134 54
412 459
127 88
95 25
21 275
230 80
213 157
126 78
315 12
71 430
283 149
380 118
14 13
415 149
115 491
94 448
345 332
216 110
8 352
309 432
496 66
110 499
359 5
330 162
121 403
474 368
202 236
177 154
66 74
461 434
283 98
447 191
477 296
142 56
108 326
286 110
57 494
73 428
120 83
498 144
53 477
372 150
367 438
416 500
81 157
124 5
246 47
177 79
26 466
405 440
94 436
143 137
485 241
290 416
21 497
354 452
421 115
160 312
349 303
156 434
139 442
428 224
303 89
292 316
109 52
483 82
52 79
176 176
202 262
303 155
348 291
220 451
132 464
343 118
397 466
91 206
486 429
171 4
46 19
392 225
504 493
507 439
139 227
364 374
187 39
216 6
65 252
174 493
367 23
214 156
374 220
152 108
26 359
114 422
373 454
45 79
423 190
134 457
151 100
220 337
278 390
455 484
394 345
74 102
297 290
226 232
267 344
324 295
254 206
335 498
58 500
291 291
369 24
10 45
145 336
166 93
66 365
39 398
116 437
16 448
360 446
57 365
362 457
310 182
390 183
99 18
504 446
26 483
154 106
298 80
167 344
478 504
438 401
325 62
198 242
336 150
299 480
280 432
272 260
240 483
150 319
477 190
470 150
324 100
192 151
146 439
110 124
467 171
306 164
329 405
486 51
401 23
13 155
270 79
465 120
423 28
499 429
185 332
108 192
435 197
506 438
430 489
98 184
336 224
267 195
262 212
402 75
138 75
71 454
349 91
402 454
276 82
79 102
194 413
22 506
66 87
129 352
326 204
281 299
451 432
315 73
13 371
136 395
139 397
86 61
19 338
218 83
96 27
257 230
246 332
428 198
430 226
412 192
363 145
455 280
134 362
66 47
487 415
195 360
79 331
460 5
230 97
122 352
43 139
232 28
255 122
505 290
342 463
170 182
170 450
290 127
255 243
289 201
360 8
227 121
139 33
202 383
424 6
14 480
361 109
364 454
373 465
205 65
247 415
381 126
190 137
445 335
258 412
501 7
425 346
51 88
500 432
368 496
150 25
473 187
490 136
470 474
236 110
468 240
19 355
315 319
165 496
27 365
50 146
198 357
320 176
493 507
465 57
144 277
393 189
301 230
446 458
112 120
381 16
34 369
20 64
56 479
235 43
392 502
84 4
354 250
410 496
308 386
505 52
199 19
453 77
70 190
422 210
120 328
326 59
235 132
483 250
417 73
472 85
92 428
254 408
4 104
81 483
309 218
7 335
25 456
120 116
438 364
450 481
65 467
320 455
289 94
101 31
469 204
109 373
82 316
287 235
388 306
424 457
190 280
400 36
505 463
254 296
416 133
60 113
136 498
43 158
64 253
474 133
8 63
256 243
402 390
75 61
425 254
212 425
136 241
240 299
258 75
311 404
40 19
441 112
482 359
234 86
42 488
68 334
286 409
406 164
474 483
18 280
419 238
413 213
465 311
400 70
100 170
133 226
404 131
260 292
341 465
248 402
220 428
421 416
321 215
196 128
213 360
98 411
16 399
73 129
366 366
279 35
211 69
379 32
367 244
290 156
351 46
353 250
261 9
32 500
364 391
203 85
245 280
113 375
231 495
467 120
406 292
190 452
227 461
16 201
304 335
372 99
386 428
294 359
159 122
27 129
145 9
121 377
477 238
